22.682795698924707 59.62000000000012
16.880645161290545 111.03290322580654
94.5829677419355 9.730529032257664
58.128602150537745 68.91014193548392
331.3710967741936 41.4786580645158
215.32688172043015 62.96209892473121
540.3796129032258 54.70704516129001
353.83131182795705 49.36657204301082
638.2696774193549 57.35272258064481
421.8089462365592 40.01964731182807
557.5765161290324 250.48717419354819
389.5195698924731 174.27547526881722
570.8049032258066 546.8030451612902
432.00559139784946 368.0117333333334
453.0722580645162 554.7400774193547
355.530752688172 390.1044645161291
250.67793548387098 601.0394322580645
226.37324731182798 441.08769032258067
289.04025806451625 337.79452903225786
223.82408602150542 263.49612043010757
406.77290322580654 220.06188387096745
287.55311827956996 174.27547526881722
13.889806451612941 403.9364645161289
47.9319569892474 338.27151827956993
95.9058064516129 353.66859354838687
98.06546236559143 294.9357763440861
131.62245161290323 623.5276903225806
152.4475698924732 469.12846451612904
